0 0.0262106 0.5 0.202813 0 4 2084.02 17381 -93.1986 3.04855 -285.07 9.31835e-005 0.000718851 -0.392057 0.45 9.50207e-006 -0.0399787 0 0
0 0.0133735 0.5 0.202813 0 4 2084.01 17392 -93.1986 3.04855 -285.07 8.27107e-005 -0.0140181 -0.284194 0.45 8.43414e-006 -0.0289797 0 0
1 0.00417252 0.5 0.202813 0 4 2084.01 17403 -93.1986 3.04855 -285.07 0.000556162 -0.0263937 -0.201137 0.45 5.67127e-005 -0.0205103 0 0
1 0.0152643 0.5 0.202813 0 4 2084.01 17414 -93.1986 3.04855 -285.07 -0.0511107 -0.0207792 -1.007 0.45 -0.00521184 -0.102686 0 0
1 0.0285651 0.5 0.202813 0 4 2084.01 17425 -93.1986 3.04854 -285.07 0.0162671 -0.0366379 -0.0462862 0.45 0.00165878 -0.00471988 0 0
1 0.021664 0.5 0.202813 0 4 2084.01 17436 -93.1986 3.04854 -285.07 0.00609111 -0.0360436 0.255589 0.45 0.00062112 0.0260628 0 0
1 0.0103584 0.5 0.202813 0 4 2084.01 17447 -93.1986 3.04852 -285.07 0.00142119 -0.0288106 0.317803 0.45 0.000144921 0.0324069 0 0
1 0.0105116 0.5 0.202813 0 4 2084.01 17458 -93.1986 3.04851 -285.07 -0.0518463 -0.0145304 1.18639 0.45 -0.00528685 0.120978 0 0
1 0.0318136 0.5 0.202813 0 4 2084.01 17469 -93.1986 3.04849 -285.07 0.0301145 -0.00664786 0.245875 0.45 0.00307082 0.0250723 0 0
1 0.0298934 0.5 0.202813 0 4 2084.01 17480 -93.1986 3.04846 -285.07 0.00707524 0.00720025 -0.179609 0.45 0.000721473 -0.018315 0 0
1 0.0192029 0.5 0.202813 0 4 2084.01 17491 -93.1986 3.04845 -285.07 0.000659736 0.0257978 -0.300339 0.45 6.72744e-005 -0.030626 0 0
1 0.0080974 0.5 0.202813 0 4 2084.01 17502 -93.1986 3.04843 -285.07 0.000376474 0.0332027 -0.27156 0.45 3.83896e-005 -0.0276914 0 0
1 0.00913819 0.5 0.202813 0 4 2084.01 17513 -93.1986 3.04842 -285.07 -0.0584093 0.0332135 -1.14422 0.45 -0.00595609 -0.116678 0 0
1 0.0258059 0.5 0.202813 0 4 2084.01 17524 -93.1986 3.04841 -285.07 0.0450308 0.0301105 -0.180022 0.45 0.00459186 -0.0183572 0 0
1 0.024137 0.5 0.202813 0 4 2084.01 17535 -93.1986 3.04841 -285.07 0.0391774 0.0186001 0.140694 0.45 0.00399498 0.0143468 0 0
1 0.0144972 0.5 0.202813 0 4 2084.01 17546 -93.1986 3.04841 -285.07 0.011146 0.0142073 0.282009 0.45 0.00113658 0.0287569 0 0
1 0.00246775 0.5 0.202813 0 4 2084.01 17557 -93.1986 3.04841 -285.07 0.000779284 0.016103 0.292393 0.45 7.94648e-005 0.0298158 0 0
1 0.0171062 0.5 0.202813 0 4 2084.01 17568 -93.1986 3.04841 -285.07 -0.0979256 0.012507 0.365075 0.45 -0.00998563 0.0372273 0 0
1 0.0282895 0.5 0.202813 0 4 2084.01 17579 -93.1986 3.04841 -285.07 0.0621591 0.0156797 0.260261 0.45 0.00633846 0.0265392 0 0
1 0.0334708 0.5 0.202813 0 4 2084.01 17590 -93.1986 3.04842 -285.07 0.0707765 0.01643 0.0446679 0.45 0.00721719 0.00455486 0 0
1 0.0269405 0.5 0.202813 0 4 2084.01 17601 -93.1986 3.04843 -285.07 0.023474 0.0160633 -0.273695 0.45 0.00239368 -0.0279091 0 0
1 0.0134188 0.5 0.202813 0 4 2084.01 17612 -93.1986 3.04843 -285.07 0.00205421 0.0158708 -0.351864 0.45 0.000209471 -0.0358801 0 0
1 0.00440342 0.5 0.202813 0 4 2084.01 17623 -93.1986 3.04845 -285.07 1.66329e-005 0.0158453 -0.236892 -0.45 1.69609e-006 -0.0241562 0 0
1 0.024734 0.5 0.202813 0 4 2084.01 17634 -93.1986 3.04846 -285.07 0.00683806 0.0143455 -0.569425 -0.45 0.000697288 -0.0580652 0 0
1 0.0280874 0.5 0.202813 0 4 2084.01 17645 -93.1986 3.04848 -285.07 0.012207 0.013254 0.10765 -0.45 0.00124477 0.0109772 0 0
1 0.0185778 0.5 0.202813 0 4 2084.01 17656 -93.1986 3.04849 -285.07 0.00195205 0.0113718 0.298321 -0.45 0.000199054 0.0304202 0 0
1 0.00804683 0.5 0.202813 0 4 2084.01 17667 -93.1986 3.04851 -285.07 0.000437872 0.0119723 0.306043 -0.45 4.46505e-005 0.0312077 0 0
1 0.0207592 0.5 0.202813 0 4 2084.01 17678 -93.1986 3.04853 -285.07 -0.0380232 0.00712305 0.952138 -0.45 -0.00387729 0.097091 0 0
1 0.0325237 0.5 0.202813 0 4 2084.01 17689 -93.1986 3.04855 -285.07 0.0111789 -0.00152268 0.0530476 -0.45 0.00113993 0.00540935 0 0
1 0.0263451 0.5 0.202813 0 4 2084.01 17700 -93.1986 3.04857 -285.07 0.00192022 -0.00442082 -0.227738 -0.45 0.000195808 -0.0232228 0 0
1 0.0157591 0.5 0.202813 0 4 2084.01 17711 -93.1986 3.04858 -285.07 0.00073312 -0.00460834 -0.292496 -0.45 7.47575e-005 -0.0298263 0 0
1 0.00707403 0.5 0.202813 0 4 2084.01 17722 -93.1986 3.0486 -285.07 0.000416959 -0.00598596 -0.24584 -0.45 4.2518e-005 -0.0250687 0 0
1 0.0210699 0.5 0.202813 0 4 2084.01 17733 -93.1986 3.04862 -285.07 -0.0200881 -0.00484191 -0.7779 -0.45 -0.00204841 -0.0793238 0 0
1 0.0288912 0.5 0.202813 0 4 2084.01 17744 -93.1986 3.04864 -285.07 0.0114276 -0.000277724 0.0293978 -0.45 0.00116529 0.00299774 0 0
1 0.0206731 0.5 0.202813 0 4 2084.01 17755 -93.1986 3.04866 -285.07 0.00121768 0.00141127 0.276788 -0.45 0.000124169 0.0282245 0 0
1 0.00952416 0.5 0.202813 0 4 2084.01 17766 -93.1986 3.04868 -285.07 0.000253257 0.00228848 0.312512 -0.45 2.5825e-005 0.0318673 0 0
1 0.0144579 0.5 0.202813 0 4 2084.01 17777 -93.1986 3.04869 -285.07 -0.0514047 -0.00164896 1.14268 -0.45 -0.00524182 0.116521 0 0
1 0.0319833 0.5 0.202813 0 4 2084.01 17788 -93.1986 3.04871 -285.07 0.0188525 -0.00782272 0.150079 -0.45 0.00192242 0.0153038 0 0
1 0.0277444 0.5 0.202813 0 4 2084.01 17799 -93.1986 3.04873 -285.07 0.00777094 -0.0109963 -0.203883 -0.45 0.000792415 -0.0207902 0 0
1 0.0170338 0.5 0.202813 0 4 2084.01 17810 -93.1986 3.04874 -285.07 0.00174331 -0.00885657 -0.296466 -0.45 0.000177768 -0.0302311 0 0
1 0.00691184 0.5 0.202813 0 4 2084.01 17821 -93.1986 3.04876 -285.07 0.000198093 -0.00944124 -0.258977 -0.45 2.01999e-005 -0.0264083 0 0
1 0.0161153 0.5 0.202813 0 4 2084.01 17832 -93.1986 3.04877 -285.07 -0.0546919 -0.00731763 -1.00128 -0.45 -0.00557702 -0.102102 0 0
1 0.0289255 0.5 0.202813 0 4 2084.01 17843 -93.1986 3.04878 -285.07 0.0169426 -0.00355758 -0.04843 -0.9 0.00172766 -0.00493848 0 0
1 0.0221198 0.5 0.202813 0 4 2084.01 17854 -93.1986 3.0488 -285.07 0.00634325 -0.00527641 0.247958 -0.9 0.000646831 0.0252847 0 0
1 0.0104021 0.5 0.202813 0 3 2084.01 17865 -93.1986 3.04881 -285.07 0.0013085 -0.00394147 0.318958 -1.35 0.00013343 0.0325247 0 0
1 0.00921303 0.5 0.202813 0 3 2084.01 17876 -93.1986 3.04882 -285.07 -0.052972 0.00434307 1.18667 -1.35 -0.00540164 0.121006 0 0
1 0.0320045 0.5 0.202813 0 3 2084.01 17887 -93.1986 3.04883 -285.07 0.0298049 -0.00678621 0.274871 -1.35 0.00303925 0.028029 0 0
1 0.0295544 0.5 0.202813 0 3 2084.01 17898 -93.1986 3.04884 -285.07 0.00709256 -0.0122943 -0.206089 -1.35 0.00072324 -0.0210152 0 0
0 0.0174229 0.5 0.202813 0 3 2084.02 17909 -93.1986 3.04885 -285.07 0.00102263 -0.00651895 -0.32885 -1.35 0.000104279 -0.0335334 0 0
