0 0.0174229 0.5 0.202813 0 3 2084.02 17909 -93.1986 3.04885 -285.07 0.00102263 -0.00651895 -0.32885 -1.35 0.000104279 -0.0335334 0 0
1 0.00569917 0.5 0.202813 0 3 2084.02 17920 -93.1986 3.04886 -285.07 0.000462134 -0.00501206 -0.275934 -1.35 4.71246e-005 -0.0281375 0 0
0 0.0158641 0.5 0.202813 0 3 2084.01 17931 -93.1986 3.04887 -285.07 -0.0556667 -0.00364758 -1.0037 -1.35 -0.00567643 -0.102349 0 0
1 0.0298813 0.5 0.202813 0 3 2084.01 17942 -93.1986 3.04887 -285.07 0.0169156 -0.00382277 -0.0624978 -1.35 0.00172491 -0.006373 0 0
1 0.0220592 0.5 0.202813 0 3 2084.01 17953 -93.1986 3.04888 -285.07 0.00558383 -0.0119763 0.277999 -1.35 0.000569392 0.028348 0 0
1 0.00911991 0.5 0.202813 0 3 2084.01 17964 -93.1986 3.04888 -285.07 0.000989 -0.00949928 0.334003 -1.35 0.00010085 0.0340588 0 0
1 0.00940996 0.5 0.202813 0 3 2084.01 17975 -93.1986 3.04889 -285.07 -0.0180371 -0.00698382 1.19595 -1.35 -0.00183927 0.121953 0 0
1 0.0321481 0.5 0.202813 0 3 2084.01 17986 -93.1986 3.04889 -285.07 0.0137895 -0.00929854 0.221888 -1.35 0.00140613 0.0226262 0 0
1 0.0283653 0.5 0.202813 0 3 2084.01 17997 -93.1986 3.04889 -285.07 0.00643891 -0.0114124 -0.220822 -1.35 0.000656586 -0.0225176 0 0
0 0.0165657 0.5 0.202813 0 3 2084.02 18008 -93.1986 3.04889 -285.07 0.00151162 -0.00311011 -0.317736 -1.35 0.000154142 -0.0324 0 0
