3
0
3
0
21
0
0
45,1
-7.19
-8.79
59.19
-0.47
60.54
-47.92
-4.88
-19.81
-32.22
-24.73
-11.78
31.99
31.45
17.27
-81.58
-8.14
-5.31
49.64
-14.34
-3.68
27.27
-4.60
-11.26
11.70
-30.90
-20.46
-3.67
-0.64
0.64
-11.20
3.72
4.65
-52.86
0.93
7.17
-27.24
-0.83
1.98
-1.46
1.90
116.77
1.41
3.06
0.48
-1.02
45,3
1,0,0
1,0,0
1,0,0
0,1,0
0,1,0
0,1,0
0,0,1
0,0,1
0,0,1
1,1,1
1,1,1
1,1,1
1,1,1
1,1,1
1,1,1
1,1,1
1,1,1
1,1,1
1,0,0
1,0,0
1,0,0
1,0,0
1,0,0
1,0,0
1,0,0
1,0,0
1,0,0
0,1,0
0,1,0
0,1,0
0,1,0
0,1,0
0,1,0
0,1,0
0,1,0
0,1,0
0,0,1
0,0,1
0,0,1
0,0,1
0,0,1
0,0,1
0,0,1
0,0,1
0,0,1
